430017
430047
430090
430139
430198
430300
430418
430425
430476
430478
430489
430510
430556
430564
430685
430718
830779
830799
830809
830832
830839
830879
830896
830946
830964
830974
831010
831039
831087
831152
831167
831175
831195
831278
831304
831305
831370
831445
831526
831627
831641
831689
831726
831768
831832
831834
831855
831856
831906
831961
832000
832023
832089
832110
832145
832149
832171
832175
832225
832278
832419
832469
832471
832491
832522
832566
832651
832662
832735
832786
832802
832876
832885
832978
832982
833030
833075
833171
833230
833266
833284
833346
833394
833427
833429
833454
833455
833509
833523
833533
833575
833580
833751
833781
833819
833873
833914
833943
834014
834021
834033
834058
834062
834261
834407
834415
834475
834599
834639
834682
834765
834770
834950
835174
835179
835184
835185
835207
835237
835305
835368
835508
835579
835640
835670
835857
835892
835985
836077
836149
836208
836221
836239
836247
836260
836263
836270
836395
836414
836419
836422
836433
836504
836547
836675
836699
836717
836720
836807
836826
836871
836892
836942
836957
837006
837046
837092
837174
837212
837242
837344
837592
837663
837748
837821
838030
838163
838171
838227
838262
838275
838402
838670
838701
838810
838837
838924
838971
839167
839273
839371
839493
839680
839719
839725
839729
839790
839792
839946
870199
870204
870299
870357
870436
870508
870726
870866
870976
871245
871396
871478
871553
871634
871642
871694
871753
871857
871970
871981
872190
872351
872374
872392
872541
872808
872895
872925
872953
873001
873122
873132
873152
873167
873169
873223
873305
873339
873527
873570
873576
873593
873665
873679
873693
873703
873726
873833
