159901
160706
510630
510050
512600
510180
159928
159902
510880
1631
510090
1632
510680
159916
248
530010
159915
530015
270010
510660
159933
510030
510150
512690
110026
515220
510650
159910
217017
8279
159985
512070
8280
159913
159905
159908
510290
510330
515700
512640
159925
512760
159806
510500
159922
7937
159909
613
481012
7938
510130
519706
460300
510310
510160
50021
512890
202025
110021
512040
6748
9067
159935
159918
510230
510510
9068
515100
159919
8
217019
160119
240019
512190
20021
159967
6733
510300
7300
159934
159936
512480
515080
159923
70030
159961
7301
160424
202021
510810
512010
159937
7474
515200
510210
7475
218
510010
518880
240014
7466
518800
515580
7467
6248
512260
159931
216
6249
217
100053
512990
512220
7784
159981
159980
7785
512150
159974
40180
4743
7809
7983
512670
470068
2610
515030
307
515890
515450
7984
512090
110020
7810
4253
515180
512360
7593
512520
6363
510550
510270
164809
4407
159912
2611
5868
159929
7594
515590
6909
7796
5869
8163
512930
6098
512280
159982
6910
5873
7191
7797
2963
159971
8164
110019
159966
515680
512160
512770
5874
6687
515900
515600
510360
7792
512550
159987
5693
159938
511220
159957
51
4742
515210
7571
7793
159968
159959
512180
6214
159964
512120
515300
8189
6215
162711
6688
6486
7028
8190
512870
8907
7029
8399
510190
159907
517500
6487
6196
8908
2987
8400
517180
6438
510060
159956
512950
7472
512390
6087
4488
7932
5761
8281
6197
70039
512960
159965
8001
159975
6439
159973
159719
159977
8282
7473
6382
512700
961
515780
4346
510600
40190
515750
8396
512710
159952
5762
511010
512380
9051
6743
7605
515110
9052
8397
159991
159958
515550
7786
515990
4597
6744
7606
517090
8975
512530
1539
7787
159990
12768
515360
12728
515850
515000
12769
8976
512720
12729
5880
515150
4598
516970
515160
512560
1594
512170
159969
5881
373
6131
160422
7856
7857
4744
501011
511270
515350
1595
513960
515810
515190
4343
5390
270026
512750
16836
160724
16837
9179
159851
5063
513090
513000
515130
515650
501012
510530
9180
512580
515880
513800
511260
3765
510200
515860
5064
515570
513520
16128
376
16129
159869
516770
3766
1617
159804
515020
5391
515010
515090
510850
560080
513310
6220
516010
8258
159920
9012
512810
7405
7885
515660
4409
588200
8259
7817
5639
515630
7992
512970
7886
6656
8291
1618
159948
6221
5999
512730
5229
159939
9013
515280
5918
5737
7993
8292
15282
7818
8713
6724
159930
15283
5919
515790
560880
561510
8298
515770
510800
159863
513880
512820
5640
8714
510590
2984
6657
512910
588290
8590
8299
962
159890
71
6697
7531
4345
8591
159972
159658
516950
159996
513260
560090
513660
511380
511020
159503
512800
10561
159805
7815
7339
159830
13308
516510
510580
515760
513530
515070
515950
159983
515310
511060
17559
7873
7816
518660
17560
2656
511030
515800
13309
17778
510100
518850
17779
7379
8390
159807
159876
159812
160418
159692
7380
12761
8391
516630
516110
510350
12762
15761
513600
588100
159635
588260
2903
15762
7874
159831
159834
561560
4069
15787
510410
159993
1237
159617
510380
510390
10990
6756
15788
12590
8898
7223
12700
159647
512290
17226
513380
17227
9656
159885
562390
513040
562320
9657
562530
515390
17853
9198
516150
159630
17854
510760
7135
8899
159811
159970
159871
50024
501047
6757
516190
9477
7136
159625
8916
501048
518680
159861
4432
515330
512680
9033
159739
4070
16495
159845
8142
16496
16363
159816
9478
8917
15310
15311
511180
9034
510710
512400
516070
560680
8143
511360
510020
12643
12644
14661
560030
159695
518600
159512
18300
4433
18301
513070
14662
17481
18103
512660
159880
516860
18104
16440
17482
518890
948
159627
7153
17573
16441
17574
512880
8701
516090
516300
11319
561180
515380
7154
159848
16788
18061
12733
512570
16789
512900
12734
18577
18578
7839
11320
17832
159619
159738
17833
5727
8702
516620
1344
518860
561580
12692
159776
17469
50013
8086
513320
159677
159680
4348
17470
561000
12693
516980
561960
560660
159690
159995
515050
516780
12712
159665
560700
7840
560070
159508
510170
3017
159673
159506
16437
18336
17471
18337
159801
17472
15906
561330
562960
257060
12713
18344
560330
159881
18345
18721
516800
18722
16581
15907
159976
8087
16582
159686
562550
561170
7076
75
516590
516650
563010
17056
517770
515290
16952
5102
14984
511520
511580
5658
16953
17057
515670
8986
159888
516850
13477
9504
8749
16887
512650
516200
16888
513950
560950
159940
7842
13478
516100
16707
159649
159670
18266
159628
18267
18172
562520
16708
18173
512000
5103
159650
511090
516000
18489
8987
18490
159651
9505
562330
16008
16007
15577
7077
159842
159669
515530
16572
516910
12928
16894
16893
8750
513140
16573
202017
516700
17610
12929
17611
12663
12664
18034
18035
159663
7843
18387
18388
561120
17683
17684
159824
17557
7883
159813
18315
18316
18734
18735
159691
159944
17558
513560
13286
561590
17907
159798
14994
159662
159511
16185
17908
159820
159510
517390
562850
16917
14632
18482
18483
561260
16918
17161
562350
16186
159667
17162
159653
159698
159516
18391
18905
18392
517900
14633
9374
561790
16357
159997
16358
560180
16938
560580
159621
159857
16939
563030
18078
18079
17140
18864
17141
561700
562920
159697
516210
159711
9375
516520
159945
16633
5733
12636
159998
515980
14880
14881
16634
560650
516330
17862
16897
159507
588460
562930
17863
159906
16898
90012
17125
12637
159903
159683
159685
17126
18058
562380
516880
16899
14689
12362
16900
516180
1051
14983
515230
159666
16968
16969
159631
18385
14690
17996
563050
7910
18386
17997
950
159841
12363
159852
14414
159679
8944
512330
515560
588370
159678
14406
159949
8945
14407
18395
15894
18396
14415
8926
560170
517760
11964
159788
561950
160224
515400
512100
15895
516660
17855
18334
11965
18335
7882
17856
159688
560100
7911
561320
18411
513970
18412
14564
15740
159886
15739
8927
562000
159855
14565
16891
16892
159887
8887
159618
15876
562510
15877
159681
159676
159689
159672
159656
12151
8052
516730
560110
12152
8888
12596
159766
8776
13502
12597
510570
516310
159620
159682
18027
16630
517280
159791
5223
159872
159712
18028
16631
159611
13503
8777
12547
562360
159899
18134
159613
14979
159633
18135
13922
17949
17950
12655
8053
5224
13923
159866
159622
159629
517990
560010
515250
159758
12658
516960
562010
560960
1592
517960
515060
159652
561350
561550
159730
13833
159645
560860
14980
516360
10210
12645
512320
1455
13834
14534
10183
16970
159707
16971
159889
17937
14535
588320
12646
159623
17938
159636
159736
12619
560990
1593
12973
159943
17604
159743
517850
159675
17605
1064
159717
12620
159810
159819
18031
18032
8088
159853
12974
501302
12516
517030
17632
562310
12759
159793
17634
560900
12760
17633
13893
159797
12517
513890
159795
159728
8089
14438
13894
10524
588350
513200
13447
10432
159603
516720
12717
510900
12724
13125
3194
517660
159726
13448
14439
159778
12718
14519
516320
516530
159814
13126
510990
12725
517010
13444
560500
14520
510370
513150
17571
17572
513900
159725
516160
561920
12275
159709
13218
517880
159862
516750
8020
17222
159750
17223
159787
159789
159994
159615
13219
14528
159770
513990
12276
513230
14529
8021
513770
12801
12503
515960
561990
159808
516560
12802
8585
4752
159671
110031
562900
159657
159638
12857
12504
513020
4753
14532
159610
159895
15808
512510
5813
5814
562500
14533
8586
516130
512980
8827
159641
159821
513280
516390
17185
17186
159768
516380
159642
561900
14530
8828
513550
159836
159992
159755
159827
14531
517360
12548
562990
5734
561190
159640
159639
12549
159606
513120
560060
516830
1629
517550
14906
8889
561130
159843
159601
516260
513160
560550
562860
14907
159602
563000
17116
14673
10989
560050
17117
14674
15878
159703
15879
159960
1214
14424
1630
560980
14425
517270
13177
16225
159646
16077
159708
9479
16226
16078
159643
13402
14942
159616
9480
516570
13178
517170
14943
13403
14776
13019
516480
14777
516900
5659
11316
561300
16566
159896
13020
159701
16567
11614
159751
11035
11612
11317
159769
588160
159825
11036
12804
12979
12805
11613
588010
11615
517100
12980
513690
159745
517080
6381
11610
515920
12116
513590
561710
517000
561500
516810
515260
11611
159713
12117
13011
159786
159733
13012
516670
159718
516220
159716
515710
14431
14908
517330
159796
561100
14432
14909
159637
13907
517160
13127
13162
13908
159721
13128
13163
159706
110033
110032
562910
159773
516760
14331
4642
159864
159731
14332
160419
560000
561600
159723
12179
515320
159729
15871
159954
15872
517300
516120
5675
12180
12730
13171
13443
159823
515170
516290
12731
13172
516020
13415
560800
4643
517800
13416
16349
512500
13601
159777
562950
13602
12550
159867
1052
159877
12551
159720
159865
159790
12882
12883
12698
13306
516350
15873
512200
13810
588000
13307
15874
159732
588280
562300
12699
159870
588090
13811
588050
588080
561310
560560
12679
159775
12680
13302
12537
516550
12538
510770
13303
159792
13317
516790
159710
159715
516500
588150
159609
13318
159873
159779
13304
159760
516890
13313
516690
517050
159735
13314
13305
14117
560600
16019
13298
159608
12781
13179
13605
13105
14118
12782
16020
12969
13299
13180
159757
13606
12970
13106
159767
516050
1361
516580
159875
159752
13473
12831
13310
14099
561800
14100
562880
159850
12554
13474
12832
13311
13475
12555
159840
516640
13476
159761
516710
13013
516270
12907
13315
14303
13014
159838
14304
13316
12908
588310
159835
12862
159858
510560
516600
159763
159748
14110
516920
12863
561160
12629
14111
517200
517350
12326
12630
12327
588180
588390
1241
561910
12894
12895
588060
159856
513010
159742
515910
517110
13319
515120
562800
13320
516080
513580
513180
159741
588360
159740
513130
8154
517380
8155
516610
159898
159892
12737
588300
588380
12738
159747
588400
588330
159883
159783
159780
159782
159781
517120
516060
159849
516930
513980
513860
159891
12634
513700
12635
159828
159837
11040
11041
12323
513060
159859
159847
513330
159839
162412
516820
76
513100
513030
55
513500
50025
40048
159941
40047
270042
513050
6479
6480
6330
6327
6075
513080
513300
159822
513360
6329
13499
13425
159605
159607
14978
15518
513290
513220
159632
159612
15299
15300
16532
16533
16534
159655
159687
40046
17028
17030
17951
17894
513110
513650
513390
159659
159660
18064
18065
17952
17895
18066
6328
159513
18738
159501
16535
159509
18906
18967
18966
18968
18969
