00001
00002
00003
00004
00005
00006
00007
00008
00009
00010
00011
00012
00013
00014
00016
00017
00018
00019
00020
00021
00022
00023
00025
00026
00027
00028
00029
00030
00031
00032
00033
00034
00035
00036
00037
00038
00039
00040
00041
00042
00045
00046
00048
00050
00051
00052
00053
00055
00057
00058
00059
00060
00061
00062
00063
00064
00065
00066
00069
00070
00071
00072
00073
00075
00076
00077
00078
00079
00080
00081
00082
00083
00084
00085
00086
00087
00088
00089
00090
00091
00092
00093
00094
00095
00096
00097
00098
00099
00101
00102
00103
00104
00105
00106
00107
00108
00110
00111
00113
00114
00115
00116
00117
00118
00119
00120
00122
00123
00124
00125
00126
00127
00128
00129
00130
00131
00132
00133
00135
00136
00137
00138
00139
00142
00144
00145
00146
00147
00148
00149
00150
00151
00152
00154
00156
00157
00158
00159
00160
00162
00163
00164
00165
00166
00167
00168
00169
00171
00173
00174
00175
00176
00177
00178
00179
00180
00181
00182
00183
00184
00185
00186
00187
00188
00189
00191
00193
00194
00195
00196
00199
00200
00201
00202
00204
00205
00206
00207
00209
00210
00211
00212
00213
00214
00215
00216
00217
00218
00219
00220
00222
00223
00224
00225
00226
00227
00228
00229
00230
00232
00234
00235
00236
00237
00239
00240
00241
00242
00243
00244
00245
00247
00248
00251
00252
00253
00254
00255
00256
00257
00258
00259
00260
00261
00262
00264
00265
00266
00267
00268
00269
00270
00271
00272
00274
00276
00277
00278
00279
00280
00285
00286
00287
00288
00289
00290
00291
00292
00293
00294
00295
00296
00297
00298
00299
00301
00302
00303
00305
00306
00308
00309
00310
00311
00312
00313
00314
00315
00316
00317
00318
00320
00321
00322
00323
00326
00327
00328
00329
00330
00331
00332
00333
00334
00335
00336
00337
00338
00339
00340
00341
00343
00345
00346
00347
00348
00351
00352
00353
00354
00355
00356
00357
00358
00360
00361
00362
00363
00365
00366
00367
00368
00369
00370
00371
00372
00373
00374
00375
00376
00377
00379
00380
00381
00382
00383
00384
00385
00386
00387
00388
00389
00390
00391
00392
00393
00396
00397
00398
00399
00400
00401
00403
00406
00408
00410
00411
00412
00413
00416
00417
00418
00419
00420
00422
00423
00425
00426
00428
00430
00431
00432
00433
00434
00436
00438
00439
00440
00442
00444
00450
00451
00455
00456
00458
00459
00460
00464
00465
00467
00468
00471
00472
00474
00475
00476
00480
00482
00483
00484
00485
00486
00487
00488
00489
00491
00493
00495
00496
00497
00498
00499
00500
00505
00506
00508
00509
00510
00511
00512
00513
00515
00517
00518
00519
00520
00521
00522
00524
00525
00526
00527
00528
00529
00531
00532
00533
00535
00536
00538
00540
00542
00543
00544
00546
00547
00548
00550
00551
00552
00553
00554
00556
00557
00558
00559
00560
00563
00564
00565
00567
00568
00570
00571
00572
00573
00574
00575
00576
00579
00580
00581
00582
00583
00585
00586
00587
00588
00589
00590
00591
00592
00593
00595
00596
00598
00599
00600
00601
00602
00603
00604
00605
00606
00607
00608
00609
00610
00611
00612
00613
00616
00617
00618
00619
00620
00621
00622
00623
00626
00627
00628
00629
00630
00631
00632
00635
00636
00637
00638
00639
00640
00641
00643
00645
00646
00648
00650
00653
00655
00656
00657
00658
00659
00660
00661
00662
00663
00665
00666
00667
00668
00669
00670
00672
00673
00674
00675
00676
00677
00679
00681
00682
00683
00684
00685
00686
00687
00688
00689
00690
00691
00693
00694
00695
00696
00697
00698
00700
00701
00702
00703
00704
00708
00709
00710
00711
00712
00713
00715
00716
00717
00718
00719
00720
00721
00722
00723
00724
00725
00726
00727
00728
00730
00731
00732
00733
00736
00737
00738
00743
00745
00746
00747
00750
00751
00752
00753
00754
00755
00756
00757
00758
00759
00760
00762
00763
00764
00765
00767
00768
00769
00770
00771
00772
00775
00776
00777
00780
00784
00788
00789
00794
00797
00798
00799
00800
00802
00804
00806
00807
00809
00810
00811
00812
00813
00814
00815
00816
00817
00818
00819
00821
00822
00825
00826
00827
00828
00829
00830
00831
00832
00833
00834
00836
00837
00838
00839
00840
00841
00842
00844
00845
00846
00848
00851
00852
00853
00854
00855
00856
00857
00858
00859
00860
00861
00862
00863
00864
00865
00866
00867
00868
00869
00871
00872
00873
00874
00875
00876
00878
00880
00881
00882
00883
00884
00887
00888
00889
00893
00894
00895
00896
00897
00898
00899
00900
00901
00902
00904
00905
00906
00907
00909
00910
00911
00912
00913
00914
00915
00916
00918
00919
00921
00922
00923
00924
00925
00926
00927
00928
00929
00931
00932
00933
00934
00936
00938
00939
00941
00943
00945
00947
00948
00950
00951
00952
00953
00954
00956
00959
00960
00966
00968
00969
00970
00973
00974
00975
00976
00978
00979
00980
00981
00982
00983
00984
00986
00987
00988
00989
00990
00991
00992
00993
00994
00995
00997
00998
01000
01001
01002
01003
01004
01005
01007
01008
01009
01010
01011
01013
01015
01016
01017
01018
01020
01022
01023
01024
01025
01026
01027
01028
01029
01030
01033
01034
01036
01037
01038
01039
01044
01045
01046
01047
01049
01050
01051
01052
01053
01055
01057
01058
01059
01060
01061
01062
01063
01064
01065
01066
01068
01069
01070
01071
01072
01073
01075
01076
01079
01080
01082
01083
01084
01085
01086
01087
01088
01090
01091
01093
01094
01097
01098
01099
01100
01101
01102
01104
01105
01107
01108
01109
01110
01111
01112
01113
01114
01115
01116
01117
01118
01119
01120
01121
01122
01123
01124
01125
01126
01127
01128
01129
01130
01132
01133
01134
01137
01138
01140
01141
01142
01143
01145
01146
01147
01148
01150
01152
01153
01156
01157
01159
01160
01161
01162
01163
01164
01165
01166
01167
01168
01170
01171
01172
01173
01176
01177
01179
01180
01181
01182
01183
01184
01185
01186
01188
01189
01193
01194
01195
01196
01198
01199
01200
01201
01202
01203
01204
01205
01206
01207
01208
01209
01210
01211
01213
01215
01216
01217
01218
01220
01221
01222
01223
01224
01225
01226
01228
01229
01231
01232
01233
01234
01235
01238
01239
01240
01241
01243
01244
01245
01246
01247
01250
01251
01252
01253
01255
01257
01258
01259
01260
01262
01263
01265
01266
01268
01269
01270
01271
01272
01273
01274
01277
01278
01280
01281
01282
01283
01284
01285
01286
01288
01289
01290
01292
01293
01297
01298
01299
01300
01301
01302
01303
01305
01308
01310
01312
01313
01314
01315
01316
01317
01319
01321
01323
01326
01327
01328
01329
01330
01332
01335
01336
01338
01339
01340
01341
01343
01345
01346
01347
01348
01349
01351
01355
01357
01358
01359
01360
01361
01362
01368
01370
01371
01372
01373
01375
01376
01378
01379
01380
01381
01382
01383
01385
01387
01388
01389
01393
01395
01396
01397
01398
01399
01400
01401
01402
01405
01406
01407
01408
01410
01412
01413
01415
01416
01417
01418
01419
01420
01421
01425
01427
01428
01429
01431
01432
01433
01439
01440
01442
01443
01446
01447
01448
01449
01450
01451
01452
01455
01456
01458
01459
01460
01461
01463
01466
01468
01469
01470
01472
01473
01475
01476
01477
01478
01480
01481
01483
01486
01488
01489
01490
01495
01496
01497
01498
01499
01500
01501
01502
01508
01513
01515
01516
01518
01519
01520
01521
01522
01523
01525
01526
01527
01528
01529
01530
01532
01536
01538
01539
01540
01541
01542
01543
01545
01546
01547
01548
01549
01551
01552
01553
01555
01556
01557
01558
01559
01560
01561
01563
01565
01566
01568
01569
01570
01571
01572
01575
01576
01577
01578
01579
01580
01581
01582
01583
01585
01586
01587
01588
01591
01592
01593
01596
01597
01598
01599
01600
01601
01606
01608
01609
01610
01611
01612
01613
01615
01616
01617
01618
01620
01621
01622
01623
01626
01627
01628
01629
01630
01631
01632
01633
01635
01636
01637
01638
01640
01643
01645
01647
01650
01651
01652
01653
01655
01656
01657
01658
01660
01661
01662
01663
01665
01666
01667
01668
01669
01671
01672
01673
01675
01676
01679
01680
01681
01682
01683
01685
01686
01689
01690
01691
01692
01693
01695
01696
01697
01698
01699
01701
01702
01703
01705
01706
01707
01708
01709
01710
01711
01712
01713
01715
01716
01717
01718
01719
01720
01721
01722
01723
01725
01726
01727
01728
01729
01730
01731
01732
01733
01736
01737
01738
01739
01740
01741
01742
01745
01746
01747
01748
01749
01750
01751
01752
01753
01755
01756
01757
01758
01759
01760
01761
01762
01763
01765
01766
01767
01769
01771
01772
01773
01775
01776
01777
01778
01780
01782
01783
01785
01786
01787
01788
01789
01790
01792
01793
01795
01796
01797
01798
01799
01800
01801
01802
01803
01808
01809
01810
01811
01812
01813
01815
01816
01817
01818
01820
01821
01822
01823
01825
01826
01827
01830
01831
01832
01833
01835
01836
01837
01839
01841
01842
01843
01845
01846
01847
01848
01849
01850
01851
01853
01854
01855
01856
01857
01858
01859
01860
01861
01862
01863
01865
01866
01867
01868
01869
01870
01871
01872
01873
01875
01876
01877
01878
01880
01882
01883
01884
01888
01889
01890
01891
01894
01895
01896
01897
01898
01899
01900
01901
01902
01903
01905
01906
01907
01908
01909
01910
01911
01912
01913
01915
01916
01917
01918
01919
01920
01921
01922
01925
01927
01928
01929
01930
01931
01932
01933
01935
01936
01937
01938
01939
01940
01941
01942
01943
01945
01947
01948
01949
01950
01951
01952
01953
01955
01957
01958
01959
01960
01961
01962
01963
01965
01966
01967
01968
01969
01970
01971
01972
01973
01975
01977
01978
01979
01980
01981
01982
01983
01985
01986
01987
01988
01989
01991
01992
01993
01995
01996
01997
01999
02000
02001
02002
02003
02005
02007
02008
02009
02011
02012
02013
02015
02016
02017
02018
02019
02020
02022
02023
02025
02028
02030
02031
02033
02038
02039
02048
02051
02057
02060
02066
02068
02076
02078
02080
02086
02088
02096
02098
02099
02100
02101
02102
02105
02107
02108
02110
02111
02112
02113
02115
02116
02117
02119
02120
02121
02122
02125
02126
02127
02128
02129
02130
02131
02132
02135
02136
02137
02138
02139
02142
02145
02146
02147
02148
02149
02150
02152
02153
02155
02156
02157
02158
02159
02160
02161
02162
02163
02165
02166
02167
02168
02169
02170
02171
02172
02175
02176
02177
02178
02179
02180
02181
02182
02185
02186
02187
02188
02189
02190
02192
02193
02195
02196
02197
02198
02199
02202
02203
02205
02207
02208
02209
02210
02211
02212
02215
02216
02217
02218
02219
02221
02222
02223
02225
02226
02227
02230
02231
02232
02233
02235
02236
02237
02238
02239
02245
02246
02250
02251
02252
02255
02256
02257
02258
02260
02262
02263
02265
02266
02268
02269
02270
02271
02273
02276
02279
02280
02281
02282
02283
02285
02286
02288
02289
02291
02292
02293
02295
02297
02298
02299
02302
02306
02307
02309
02310
02312
02313
02314
02315
02317
02318
02319
02320
02321
02322
02323
02324
02325
02326
02327
02328
02329
02330
02331
02333
02336
02337
02338
02339
02340
02341
02342
02343
02346
02347
02348
02349
02350
02352
02355
02356
02357
02358
02359
02360
02361
02362
02363
02367
02368
02369
02370
02371
02372
02373
02376
02377
02378
02380
02381
02382
02383
02385
02386
02388
02389
02390
02391
02392
02393
02399
02400
02402
02405
02407
02409
02411
02415
02416
02418
02419
02420
02421
02422
02423
02425
02427
02429
02433
02436
02439
02440
02442
02448
02450
02451
02453
02455
02457
02458
02459
02469
02473
02477
02480
02481
02482
02483
02486
02487
02488
02489
02490
02496
02497
02498
02499
02500
02501
02502
02503
02511
02515
02516
02517
02518
02520
02521
02528
02552
02558
02588
02599
02600
02601
02602
02607
02608
02611
02616
02618
02623
02628
02633
02638
02660
02663
02666
02668
02669
02678
02680
02682
02683
02688
02689
02696
02698
02699
02700
02708
02718
02722
02727
02728
02738
02768
02772
02777
02779
02789
02798
02799
02858
02863
02866
02869
02877
02878
02880
02882
02883
02885
02886
02888
02892
02899
02900
02901
02902
02903
02905
02906
02994
02996
02997
02998
02999
03300
03301
03302
03303
03306
03309
03311
03313
03315
03316
03318
03319
03320
03321
03322
03323
03326
03328
03329
03330
03331
03332
03333
03336
03337
03339
03347
03348
03360
03363
03366
03368
03369
03377
03380
03382
03383
03389
03390
03393
03395
03396
03398
03399
03588
03600
03601
03603
03606
03608
03611
03613
03616
03618
03623
03626
03628
03633
03638
03639
03650
03658
03660
03662
03666
03668
03669
03678
03680
03681
03683
03686
03688
03689
03690
03692
03698
03699
03700
03708
03709
03718
03728
03737
03738
03759
03768
03773
03778
03788
03789
03798
03800
03808
03813
03816
03818
03822
03828
03830
03833
03836
03838
03839
03848
03860
03866
03868
03869
03877
03878
03882
03883
03886
03888
03889
03893
03896
03898
03899
03900
03903
03908
03913
03918
03919
03928
03931
03933
03938
03939
03958
03963
03968
03969
03978
03983
03988
03989
03990
03991
03993
03996
03997
03998
03999
04618
04619
04620
04621
06030
06033
06036
06038
06049
06055
06058
06060
06063
06066
06068
06069
06078
06080
06083
06088
06093
06098
06099
06100
06108
06110
06111
06113
06116
06117
06118
06119
06122
06123
06127
06128
06133
06136
06138
06158
06160
06162
06163
06169
06178
06182
06185
06186
06188
06189
06190
06193
06196
06198
06199
06288
06600
06601
06606
06608
06609
06610
06611
06616
06618
06622
06623
06626
06628
06633
06638
06639
06655
06660
06661
06663
06666
06667
06668
06669
06677
06678
06680
06682
06683
06686
06689
06690
06696
06698
06699
06805
06806
06808
06811
06812
06816
06818
06819
06820
06821
06822
06823
06826
06828
06829
06830
06833
06836
06837
06838
06839
06855
06858
06860
06862
06865
06866
06868
06869
06877
06878
06880
06881
06882
06885
06886
06888
06889
06890
06893
06896
06898
06899
06900
06908
06909
06911
06913
06918
06919
06922
06928
06929
06933
06939
06955
06958
06959
06963
06966
06968
06969
06978
06979
06988
06989
06990
06993
06996
06998
06999
09600
09608
09616
09618
09626
09633
09636
09638
09658
09663
09666
09668
09669
09676
09677
09686
09688
09689
09690
09696
09698
09699
09857
09858
09860
09863
09866
09868
09869
09877
09878
09880
09882
09885
09886
09888
09889
09890
09896
09898
09899
09900
09901
09906
09908
09909
09911
09913
09916
09918
09919
09922
09923
09926
09928
09929
09930
09933
09936
09938
09939
09955
09956
09958
09959
09960
09961
09963
09966
09968
09969
09977
09978
09979
09982
09983
09985
09986
09987
09988
09989
09990
09991
09992
09993
09995
09996
09997
09998
09999
80011
80016
80020
80175
80291
80388
80700
80737
80883
80941
80992
81024
81211
81299
81810
82020
82318
82331
82333
82388
83690
86618
89618
89888
89988