00001
00002
00003
00004
00005
00006
00007
00008
00009
00010
00011
00012
00013
00014
00016
00017
00018
00019
00020
00021
00022
00023
00025
00026
00027
00028
00029
00030
00031
00032
00033
00034
00035
00036
00037
00038
00039
00040
00041
00042
00045
00046
00048
00050
00051
00052
00053
00055
00057
00058
00059
00060
00061
00062
00063
00064
00065
00066
00069
00070
00071
00072
00073
00075
00076
00077
00078
00079
00080
00081
00082
00083
00084
00085
00086
00087
00088
00089
00090
00092
00093
00094
00095
00096
00097
00098
00099
00101
00102
00103
00104
00105
00106
00107
00108
00110
00111
00113
00114
00115
00116
00117
00118
00119
00120
00122
00123
00124
00125
00126
00127
00128
00129
00130
00131
00132
00133
00135
00136
00137
00138
00139
00142
00144
00145
00146
00147
00148
00149
00150
00151
00152
00154
00156
00157
00158
00159
00160
00162
00163
00164
00165
00166
00167
00168
00169
00171
00173
00174
00175
00176
00177
00178
00179
00180
00181
00182
00183
00184
00185
00186
00187
00188
00189
00191
00193
00194
00195
00196
00197
00199
00200
00201
00202
00204
00205
00206
00207
00209
00210
00211
00212
00213
00214
00215
00216
00217
00218
00219
00220
00222
00223
00224
00225
00226
00227
00228
00229
00230
00232
00234
00235
00236
00237
00239
00240
00241
00242
00243
00244
00245
00247
00248
00251
00252
00253
00254
00255
00256
00257
00258
00259
00261
00262
00264
00265
00266
00267
00268
00269
00270
00271
00272
00274
00276
00277
00279
00280
00285
00286
00287
00288
00289
00290
00291
00293
00294
00295
00296
00297
00298
00299
00300
00301
00302
00303
00305
00306
00308
00309
00310
00311
00312
00313
00314
00315
00316
00317
00318
00320
00321
00322
00323
00325
00326
00327
00328
00329
00330
00331
00332
00333
00334
00335
00336
00337
00338
00339
00340
00341
00343
00345
00346
00347
00348
00351
00352
00353
00354
00355
00356
00357
00358
00360
00361
00362
00363
00365
00366
00367
00368
00369
00370
00371
00372
00373
00374
00375
00376
00377
00379
00380
00381
00382
00383
00384
00385
00386
00387
00388
00389
00390
00391
00392
00393
00396
00397
00398
00399
00400
00401
00403
00405
00406
00408
00410
00411
00412
00413
00417
00418
00419
00420
00422
00423
00425
00426
00428
00430
00431
00432
00433
00434
00435
00436
00438
00439
00440
00442
00444
00450
00451
00455
00456
00458
00459
00460
00464
00465
00467
00468
00471
00472
00474
00475
00476
00480
00482
00483
00484
00485
00486
00487
00488
00489
00491
00493
00495
00496
00497
00498
00499
00500
00505
00506
00508
00509
00510
00511
00512
00513
00515
00517
00518
00519
00520
00521
00522
00524
00525
00526
00527
00528
00529
00532
00533
00535
00536
00538
00540
00542
00543
00544
00546
00547
00548
00550
00551
00552
00553
00554
00556
00557
00558
00559
00560
00563
00564
00565
00567
00568
00570
00571
00572
00573
00574
00575
00576
00579
00580
00581
00582
00583
00585
00586
00587
00588
00589
00590
00591
00593
00595
00596
00598
00599
00601
00602
00603
00604
00605
00606
00607
00608
00609
00610
00611
00612
00613
00616
00617
00618
00619
00620
00621
00622
00623
00626
00627
00628
00629
00630
00631
00632
00635
00636
00637
00639
00640
00641
00643
00645
00646
00648
00650
00653
00655
00656
00657
00658
00659
00660
00661
00662
00663
00666
00667
00669
00670
00672
00673
00674
00675
00676
00677
00679
00681
00682
00683
00684
00685
00686
00687
00688
00689
00690
00691
00693
00694
00695
00696
00697
00698
00700
00701
00702
00703
00704
00707
00708
00709
00710
00711
00712
00713
00715
00716
00717
00718
00719
00720
00721
00722
00723
00724
00725
00726
00727
00728
00730
00731
00732
00733
00736
00737
00738
00743
00745
00746
00747
00750
00751
00752
00753
00754
00755
00756
00757
00759
00760
00762
00763
00764
00765
00767
00768
00769
00770
00771
00772
00775
00776
00777
00778
00780
00784
00788
00789
00794
00797
00798
00799
00802
00804
00805
00806
00807
00808
00809
00810
00811
00812
00813
00814
00815
00816
00817
00818
00819
00820
00821
00822
00823
00825
00826
00827
00828
00829
00830
00831
00832
00833
00834
00836
00837
00838
00839
00840
00841
00842
00844
00845
00846
00848
00851
00852
00853
00854
00855
00856
00857
00858
00859
00860
00861
00862
00863
00864
00865
00866
00867
00868
00869
00871
00873
00874
00875
00876
00878
00880
00881
00882
00883
00884
00887
00888
00889
00893
00894
00895
00896
00897
00898
00899
00900
00902
00905
00906
00907
00909
00910
00911
00912
00913
00914
00915
00916
00917
00918
00919
00921
00922
00923
00924
00925
00926
00927
00928
00929
00931
00932
00933
00934
00936
00938
00939
00941
00943
00945
00947
00948
00950
00951
00952
00953
00954
00956
00959
00960
00966
00968
00969
00970
00974
00975
00976
00978
00979
00980
00981
00983
00984
00986
00987
00989
00990
00991
00992
00993
00994
00995
00997
00998
00999
01000
01001
01002
01003
01004
01005
01007
01008
01009
01010
01011
01013
01015
01016
01017
01018
01020
01022
01023
01024
01025
01026
01027
01028
01029
01030
01033
01034
01036
01037
01038
01039
01044
01045
01046
01047
01049
01050
01051
01052
01053
01055
01057
01058
01059
01060
01061
01062
01063
01064
01065
01066
01068
01069
01070
01071
01072
01073
01075
01079
01080
01082
01083
01084
01085
01086
01087
01088
01090
01091
01093
01094
01097
01098
01099
01100
01101
01102
01104
01105
01107
01108
01109
01110
01111
01112
01113
01114
01115
01116
01117
01118
01119
01120
01121
01122
01123
01124
01125
01126
01127
01128
01129
01130
01132
01133
01134
01137
01138
01140
01141
01142
01143
01145
01146
01147
01148
01150
01152
01153
01156
01157
01159
01160
01161
01162
01163
01164
01165
01166
01167
01168
01170
01171
01172
01173
01176
01177
01179
01180
01181
01182
01183
01184
01185
01186
01188
01189
01193
01195
01196
01198
01199
01200
01201
01202
01203
01204
01205
01206
01208
01209
01211
01213
01215
01216
01217
01218
01220
01221
01222
01223
01224
01225
01226
01228
01229
01231
01232
01233
01234
01235
01237
01238
01239
01240
01241
01243
01244
01245
01246
01247
01250
01251
01252
01253
01255
01257
01258
01259
01260
01262
01263
01265
01266
01268
01269
01270
01271
01272
01273
01274
01277
01278
01280
01281
01282
01283
01284
01285
01286
01288
01289
01290
01292
01293
01298
01299
01300
01301
01302
01303
01305
01308
01310
01312
01313
01314
01315
01316
01317
01318
01319
01321
01323
01326
01327
01328
01330
01332
01334
01335
01336
01338
01339
01340
01341
01343
01345
01346
01347
01348
01349
01351
01354
01355
01357
01358
01359
01360
01361
01362
01364
01368
01370
01371
01372
01373
01375
01376
01378
01379
01380
01381
01382
01383
01385
01388
01389
01393
01395
01396
01397
01398
01399
01400
01401
01402
01405
01406
01407
01408
01410
01412
01413
01415
01416
01417
01418
01419
01420
01421
01425
01426
01427
01428
01429
01431
01432
01433
01440
01442
01443
01446
01447
01448
01449
01450
01451
01452
01455
01456
01458
01459
01460
01461
01463
01466
01468
01470
01471
01472
01473
01475
01476
01477
01478
01480
01481
01483
01485
01486
01488
01489
01490
01495
01496
01497
01498
01499
01500
01501
01502
01503
01508
01513
01515
01516
01518
01519
01520
01521
01522
01523
01525
01526
01527
01528
01529
01530
01532
01536
01538
01539
01540
01541
01542
01543
01545
01546
01547
01548
01549
01551
01552
01553
01555
01556
01557
01558
01559
01560
01561
01563
01565
01566
01568
01569
01570
01571
01572
01575
01576
01577
01578
01579
01580
01581
01582
01583
01585
01586
01587
01588
01591
01592
01593
01596
01597
01598
01599
01600
01601
01606
01608
01610
01611
01612
01613
01615
01616
01617
01618
01620
01621
01622
01623
01626
01627
01628
01629
01630
01631
01632
01633
01635
01636
01637
01638
01640
01643
01645
01647
01650
01651
01652
01653
01655
01656
01657
01658
01660
01661
01662
01663
01666
01667
01668
01669
01671
01672
01673
01675
01676
01679
01680
01681
01682
01683
01685
01686
01687
01689
01690
01691
01692
01693
01695
01696
01697
01698
01699
01701
01702
01703
01705
01707
01708
01709
01710
01711
01712
01713
01715
01716
01717
01718
01719
01720
01721
01722
01723
01725
01726
01727
01728
01729
01730
01731
01732
01733
01735
01736
01737
01738
01739
01740
01741
01742
01745
01746
01747
01748
01749
01750
01751
01752
01753
01755
01756
01757
01758
01759
01760
01762
01763
01765
01766
01767
01769
01771
01772
01773
01775
01776
01777
01778
01780
01782
01783
01785
01786
01787
01788
01789
01790
01792
01793
01795
01796
01797
01798
01799
01800
01801
01802
01803
01808
01809
01810
01811
01812
01813
01815
01816
01817
01818
01820
01821
01822
01823
01825
01826
01827
01830
01831
01832
01833
01835
01836
01837
01841
01842
01843
01845
01846
01847
01848
01849
01850
01851
01853
01854
01855
01856
01857
01858
01860
01861
01862
01863
01865
01866
01867
01868
01869
01870
01871
01872
01873
01875
01876
01877
01878
01880
01881
01882
01883
01884
01888
01889
01890
01891
01894
01895
01896
01897
01898
01899
01900
01901
01902
01903
01905
01906
01907
01908
01909
01910
01911
01912
01913
01915
01916
01917
01918
01919
01920
01921
01922
01925
01927
01928
01929
01930
01931
01932
01933
01935
01936
01937
01938
01939
01940
01941
01942
01943
01945
01947
01948
01949
01950
01951
01952
01953
01955
01957
01958
01959
01960
01961
01962
01963
01965
01966
01967
01968
01969
01970
01971
01972
01973
01975
01977
01978
01979
01980
01981
01982
01983
01985
01986
01987
01988
01991
01993
01995
01996
01997
01999
02000
02001
02002
02003
02005
02007
02008
02009
02011
02012
02013
02015
02016
02017
02018
02019
02020
02022
02023
02025
02028
02030
02031
02033
02038
02039
02048
02051
02057
02060
02066
02068
02076
02078
02080
02086
02088
02096
02097
02098
02099
02100
02101
02102
02105
02107
02108
02110
02111
02112
02113
02116
02119
02120
02121
02122
02125
02126
02127
02128
02129
02130
02131
02132
02135
02136
02137
02138
02139
02142
02145
02146
02147
02148
02149
02150
02152
02153
02155
02156
02157
02158
02159
02160
02161
02162
02163
02165
02166
02167
02168
02169
02170
02171
02172
02175
02176
02177
02178
02179
02180
02181
02182
02185
02186
02187
02188
02189
02190
02191
02192
02193
02195
02196
02197
02198
02199
02202
02203
02205
02208
02209
02210
02211
02212
02215
02216
02217
02218
02219
02221
02222
02223
02225
02226
02227
02228
02230
02231
02232
02233
02235
02236
02237
02238
02239
02245
02246
02250
02251
02252
02255
02256
02257
02258
02260
02262
02263
02265
02266
02268
02269
02270
02271
02273
02276
02279
02280
02281
02282
02283
02285
02286
02288
02289
02291
02292
02293
02295
02297
02298
02299
02302
02306
02307
02309
02310
02312
02313
02314
02315
02317
02318
02319
02320
02321
02322
02323
02324
02325
02326
02327
02328
02329
02330
02331
02333
02336
02337
02338
02339
02340
02342
02343
02347
02348
02349
02350
02352
02355
02356
02357
02358
02359
02360
02361
02362
02363
02367
02368
02369
02370
02371
02372
02373
02376
02377
02378
02380
02381
02382
02383
02385
02386
02388
02389
02390
02391
02392
02393
02399
02400
02402
02405
02407
02409
02410
02411
02415
02416
02418
02419
02420
02421
02422
02423
02425
02427
02429
02431
02432
02433
02436
02438
02439
02440
02442
02443
02448
02450
02451
02453
02455
02457
02458
02459
02460
02465
02469
02473
02477
02479
02480
02481
02482
02483
02486
02487
02488
02489
02490
02495
02496
02497
02498
02499
02500
02501
02502
02503
02505
02506
02507
02509
02510
02511
02512
02515
02516
02517
02518
02519
02520
02521
02522
02527
02528
02529
02530
02531
02533
02535
02536
02540
02545
02549
02550
02551
02552
02555
02556
02558
02559
02560
02561
02562
02563
02566
02567
02568
02569
02570
02571
02576
02577
02582
02585
02586
02587
02588
02593
02596
02598
02600
02601
02602
02607
02608
02610
02611
02613
02616
02618
02623
02625
02628
02633
02638
02660
02663
02666
02668
02669
02678
02680
02682
02683
02688
02689
02696
02699
02700
02708
02722
02727
02728
02738
02772
02777
02778
02779
02789
02798
02799
02800
02801
02803
02804
02806
02807
02809
02810
02812
02814
02815
02817
02819
02820
02821
02822
02823
02825
02826
02827
02828
02829
02830
02832
02834
02835
02836
02837
02838
02839
02840
02841
02843
02845
02846
02848
02849
02858
02863
02866
02869
02877
02878
02880
02881
02882
02883
02885
02886
02888
02892
02898
02899
02906
02950
02951
02952
02953
02954
02956
02957
02960
02961
02962
03001
03003
03004
03005
03006
03007
03008
03009
03010
03011
03012
03015
03020
03021
03024
03029
03032
03033
03034
03036
03037
03038
03039
03040
03041
03042
03046
03047
03050
03051
03053
03056
03058
03059
03066
03067
03068
03069
03070
03071
03072
03074
03075
03076
03077
03081
03084
03086
03087
03088
03091
03096
03097
03104
03108
03109
03110
03111
03112
03115
03116
03117
03118
03119
03122
03124
03125
03128
03129
03130
03132
03133
03134
03135
03136
03137
03139
03141
03145
03146
03147
03150
03151
03152
03153
03155
03156
03158
03160
03161
03162
03165
03167
03171
03172
03173
03174
03175
03179
03181
03182
03184
03185
03187
03188
03189
03190
03191
03192
03193
03194
03195
03196
03199
03300
03301
03302
03303
03306
03309
03311
03313
03315
03316
03318
03319
03320
03321
03322
03323
03326
03328
03329
03330
03332
03333
03336
03337
03339
03347
03348
03360
03363
03366
03368
03369
03377
03380
03382
03383
03389
03390
03393
03395
03396
03398
03399
03401
03402
03403
03404
03405
03410
03411
03412
03413
03416
03417
03419
03422
03423
03426
03427
03432
03433
03435
03436
03437
03439
03440
03441
03442
03450
03453
03454
03455
03470
03588
03600
03601
03603
03606
03613
03616
03618
03623
03626
03628
03633
03638
03639
03650
03658
03660
03662
03666
03668
03669
03678
03680
03681
03683
03686
03688
03689
03690
03692
03698
03699
03700
03708
03709
03718
03728
03737
03738
03759
03768
03773
03778
03788
03789
03798
03800
03808
03813
03816
03818
03822
03828
03830
03833
03836
03838
03839
03848
03860
03866
03868
03869
03877
03878
03882
03883
03886
03888
03889
03893
03896
03898
03899
03900
03903
03908
03913
03918
03919
03928
03931
03933
03938
03939
03958
03963
03968
03969
03978
03983
03988
03989
03990
03991
03993
03996
03997
03998
03999
04006
04012
04018
04024
04030
04036
04042
04048
04054
04094
04095
04096
04098
04099
04100
04101
04104
04227
04230
04232
04233
04235
04236
04237
04241
04242
04243
04244
04248
04249
04250
04252
04253
04255
04258
04259
04260
04261
04262
04264
04267
04268
04269
04270
04271
04273
04276
04277
04278
04279
04280
04281
04282
04283
04284
04285
04286
04287
04288
04289
04290
04304
04305
04309
04310
04314
04316
04317
04318
04319
04320
04321
04322
04323
04324
04325
04326
04329
04396
04406
04407
04408
04411
04413
04415
04416
04418
04423
04424
04427
04432
04438
04439
04441
04442
04446
04457
04466
04467
04469
04472
04476
04478
04482
04488
04492
04493
04497
04498
04501
04502
04504
04505
04507
04508
04512
04514
04515
04516
04517
04518
04519
04522
04523
04524
04525
04526
04528
04529
04530
04531
04532
04534
04535
04536
04542
04543
04544
04545
04546
04547
04548
04551
04552
04554
04555
04556
04557
04558
04561
04563
04566
04567
04568
04569
04571
04575
04576
04577
04578
04579
04580
04581
04582
04583
04584
04585
04586
04588
04591
04594
04596
04598
04620
04621
04701
05000
05001
05002
05003
05004
05005
05006
05007
05009
05013
05014
05015
05020
05021
05024
05025
05026
05029
05031
05032
05033
05034
05036
05037
05038
05041
05042
05043
05046
05047
05048
05050
05053
05054
05055
05058
05059
05062
05067
05069
05075
05076
05079
05080
05082
05084
05085
05088
05089
05090
05093
05094
05095
05098
05099
05102
05103
05106
05107
05108
05109
05110
05113
05116
05117
05118
05120
05121
05122
05123
05124
05125
05126
05128
05129
05131
05132
05133
05135
05137
05138
05139
05140
05141
05142
05144
05145
05146
05147
05148
05149
05150
05151
05152
05154
05155
05156
05157
05158
05160
05161
05162
05165
05167
05168
05169
05170
05171
05172
05173
05174
05175
05176
05178
05180
05181
05183
05184
05185
05186
05187
05188
05189
05190
05191
05192
05193
05195
05196
05197
05198
05200
05201
05203
05204
05205
05206
05207
05208
05209
05210
05211
05213
05214
05215
05216
05217
05218
05219
05220
05221
05222
05223
05224
05225
05226
05227
05228
05230
05232
05233
05234
05235
05236
05237
05238
05239
05240
05241
05242
05243
05244
05245
05246
05247
05248
05249
05250
05251
05252
05253
05254
05255
05256
05257
05258
05260
05261
05262
05263
05264
05265
05266
05267
05268
05269
05270
05271
05272
05273
05274
05275
05276
05278
05280
05281
05282
05283
05284
05285
05286
05287
05288
05290
05291
05292
05293
05294
05296
05297
05298
05299
05300
05301
05302
05303
05305
05306
05307
05308
05309
05310
05311
05312
05313
05314
05315
05316
05317
05318
05319
05320
05321
05322
05323
05324
05325
05326
05327
05328
05330
05331
05333
05334
05335
05336
05337
05338
05339
05340
05341
05342
05343
05345
05346
05347
05349
05351
05352
05354
05355
05356
05357
05358
05360
05361
05362
05363
05364
05367
05368
05369
05373
05374
05375
05376
05377
05378
05379
05380
05381
05382
05383
05384
05385
05386
05387
05388
05390
05392
05393
05394
05395
05396
05398
05399
05400
05401
05402
05403
05404
05405
05406
05407
05408
05409
05410
05411
05412
05413
05414
05415
05416
05417
05418
05419
05420
05421
05422
05423
05424
05425
05426
05427
05428
05429
05430
05431
05433
05434
05435
05436
05437
05438
05439
05440
05441
05442
05443
05444
05445
05446
05447
05448
05449
05450
05452
05454
05455
05456
05457
05458
05459
05460
05462
05463
05464
05465
05466
05467
05469
05470
05471
05472
05473
05474
05477
05479
05480
05481
05484
05485
05486
05487
05488
05489
05499
05500
05501
05502
05505
05506
05507
05508
05509
05510
05511
05514
05515
05516
05519
05520
05521
05522
05523
05526
05527
05528
05529
05531
05532
05535
05538
05539
05540
05541
05542
05543
05544
05545
05547
05549
05550
05551
05553
05554
05555
05557
05558
05559
05560
05564
05565
05566
05567
05568
05574
05576
05577
05583
05586
05587
05588
05590
05593
05594
05597
05598
05602
05604
05605
05610
05611
05612
05614
05618
05619
05621
05623
05624
05626
05628
05629
05630
05631
05632
05633
05634
05635
05637
05638
05640
05641
05644
05647
05648
05649
05650
05652
05653
05654
05655
05659
05660
05661
05662
05663
05664
05665
05666
05667
05668
05669
05670
05672
05673
05674
05675
05676
05678
05679
05680
05685
05689
05690
05691
05692
05693
05699
05702
05708
05713
05715
05717
05718
05720
05726
05727
05733
05735
05739
05740
05741
05743
05752
05754
05756
05759
05760
05761
05765
05766
05767
05768
05769
05774
05777
05778
05779
05781
05783
05784
05786
05789
05790
05791
05792
05795
05797
05800
05801
05804
05805
05806
05807
05813
05814
05816
05817
05818
05819
05820
05822
05824
05825
05826
05827
05829
05832
05833
05835
05837
05838
05839
05842
05845
05846
05848
05849
05854
05855
05856
05857
05858
05860
05862
05864
05867
05868
05869
05870
05872
05874
05878
05881
05882
05884
05887
05890
05891
05892
05893
05894
05895
05896
05897
05903
05910
05911
05915
05918
05919
05921
05928
05930
05932
05934
05938
05942
05944
05949
05955
05958
05961
05962
05963
05969
05971
05973
05978
05980
05982
05983
05989
05991
05997
06000
06003
06004
06007
06024
06025
06028
06029
06030
06033
06036
06038
06049
06055
06058
06060
06063
06066
06068
06069
06078
06080
06083
06086
06088
06093
06098
06099
06100
06108
06110
06113
06117
06118
06119
06122
06123
06127
06128
06133
06136
06138
06158
06160
06162
06163
06169
06178
06181
06182
06185
06186
06188
06189
06190
06193
06196
06198
06199
06288
06601
06606
06608
06609
06610
06611
06616
06618
06622
06623
06626
06628
06633
06638
06639
06655
06657
06660
06661
06663
06666
06667
06668
06669
06676
06677
06680
06681
06682
06683
06686
06689
06690
06693
06696
06698
06699
06751
06753
06754
06757
06758
06760
06761
06762
06763
06764
06765
06767
06768
06769
06771
06772
06773
06774
06775
06776
06805
06806
06808
06811
06812
06816
06818
06820
06821
06822
06823
06826
06828
06829
06830
06833
06838
06839
06855
06858
06860
06862
06865
06866
06868
06869
06877
06878
06881
06882
06885
06886
06888
06889
06890
06893
06896
06898
06899
06900
06908
06909
06911
06913
06918
06919
06922
06928
06929
06933
06936
06939
06955
06958
06959
06963
06966
06968
06969
06978
06979
06988
06989
06990
06993
06996
06998
06999
07200
07226
07230
07231
07232
07233
07234
07248
07252
07261
07262
07266
07288
07299
07300
07311
07322
07331
07332
07333
07336
07345
07348
07362
07366
07373
07376
07388
07399
07500
07515
07522
07552
07568
07588
07711
07766
07777
07788
07799
08001
08003
08005
08006
08007
08013
08017
08018
08019
08020
08021
08023
08026
08027
08028
08029
08030
08031
08033
08035
08036
08037
08039
08040
08041
08042
08043
08045
08047
08048
08049
08050
08051
08052
08056
08057
08059
08060
08062
08063
08065
08066
08067
08069
08070
08071
08072
08073
08076
08079
08080
08081
08082
08083
08087
08091
08092
08093
08095
08096
08098
08100
08103
08106
08107
08111
08112
08113
08115
08117
08118
08120
08121
08123
08125
08126
08128
08130
08131
08132
08133
08136
08137
08139
08140
08143
08146
08147
08148
08149
08152
08153
08156
08158
08159
08160
08161
08162
08163
08167
08168
08169
08172
08173
08176
08178
08179
08181
08186
08187
08188
08189
08191
08193
08195
08196
08198
08200
08201
08203
08205
08206
08208
08210
08211
08213
08215
08217
08218
08219
08220
08221
08222
08223
08225
08226
08227
08229
08232
08237
08238
08239
08241
08245
08246
08247
08249
08250
08257
08262
08267
08268
08269
08270
08271
08275
08277
08279
08280
08281
08282
08283
08285
08286
08290
08291
08292
08293
08295
08296
08297
08299
08300
08302
08303
08304
08305
08307
08308
08309
08310
08311
08313
08315
08316
08317
08319
08320
08321
08326
08328
08329
08331
08333
08337
08340
08341
08347
08348
08349
08350
08353
08356
08357
08360
08362
08363
08365
08366
08367
08368
08370
08371
08372
08373
08375
08377
08379
08385
08391
08392
08395
08400
08401
08402
08403
08406
08411
08412
08413
08416
08417
08418
08419
08420
08422
08423
08425
08426
08427
08428
08429
08430
08431
08432
08436
08437
08439
08445
08446
08447
08448
08450
08451
08452
08455
08456
08460
08462
08471
08472
08473
08475
08476
08480
08481
08482
08483
08487
08489
08490
08491
08493
08495
08496
08500
08501
08502
08507
08509
08510
08511
08512
08513
08516
08519
08521
08523
08525
08526
08527
08529
08532
08535
08536
08537
08540
08545
08547
08553
08596
08597
08598
08599
08601
08603
08606
08607
08611
08612
08613
08616
08619
08620
08621
08622
08623
08627
08629
08631
08635
08637
08645
08646
08657
08659
08668
09001
09008
09009
09010
09011
09040
09042
09046
09047
09067
09069
09070
09072
09074
09075
09077
09078
09081
09084
09086
09088
09091
09096
09104
09107
09115
09125
09141
09146
09151
09156
09159
09167
09173
09177
09179
09181
09187
09191
09195
09196
09311
09366
09388
09399
09403
09404
09411
09437
09439
09440
09446
09450
09455
09600
09608
09616
09618
09626
09633
09636
09638
09639
09658
09660
09663
09666
09668
09669
09676
09677
09680
09686
09688
09689
09690
09696
09698
09699
09711
09766
09777
09788
09799
09801
09803
09804
09806
09807
09809
09810
09812
09814
09817
09820
09826
09829
09834
09836
09839
09840
09845
09846
09857
09858
09860
09863
09866
09868
09869
09877
09878
09879
09880
09882
09885
09886
09888
09889
09890
09893
09896
09898
09899
09900
09901
09906
09908
09909
09911
09913
09916
09918
09919
09922
09923
09926
09928
09929
09930
09933
09936
09938
09939
09955
09956
09958
09959
09960
09961
09963
09966
09968
09969
09977
09978
09979
09982
09983
09985
09986
09987
09988
09989
09990
09991
09992
09993
09995
09996
09997
09998
09999
40000
40001
40007
40015
40016
40030
40037
40049
40050
40052
40055
40056
40057
40060
40076
40079
40095
40097
40102
40104
40105
40106
40110
40112
40113
40115
40117
40120
40130
40138
40141
40142
40146
40148
40149
40152
40156
40158
40160
40162
40167
40168
40173
40174
40178
40179
40180
40192
40193
40198
40199
40200
40201
40202
40203
40204
40205
40209
40210
40211
40212
40213
40217
40220
40221
40222
40223
40224
40226
40227
40232
40236
40238
40239
40240
40241
40242
40245
40246
40247
40248
40252
40253
40254
40256
40257
40258
40259
40260
40261
40262
40268
40270
40271
40272
40276
40277
40278
40279
40284
40286
40287
40289
40290
40292
40295
40296
40298
40299
40300
40302
40304
40307
40309
40311
40315
40316
40317
40319
40320
40321
40323
40324
40329
40330
40333
40334
40335
40338
40341
40342
40343
40347
40349
40350
40353
40354
40357
40359
40360
40361
40362
40364
40365
40366
40368
40369
40370
40372
40373
40378
40379
40380
40381
40382
40383
40384
40387
40389
40390
40396
40399
40401
40402
40404
40405
40409
40411
40414
40415
40419
40420
40425
40426
40427
40432
40433
40434
40435
40437
40438
40440
40442
40443
40444
40445
40447
40452
40454
40455
40459
40464
40465
40467
40468
40471
40475
40493
40499
40500
40501
40503
40504
40508
40511
40512
40516
40517
40518
40519
40520
40521
40522
40526
40527
40528
40529
40530
40534
40538
40540
40541
40542
40543
40544
40546
40547
40548
40550
40551
40559
40560
40562
40572
40577
40579
40580
40581
40582
40584
40585
40586
40588
40589
40590
40592
40596
40600
40603
40604
40605
40609
40614
40618
40622
40625
40629
40632
40634
40635
40639
40640
40641
40642
40644
40645
40649
40651
40655
40656
40657
40658
40660
40661
40662
40663
40664
40667
40670
40671
40672
40675
40676
40678
40681
40682
40683
40685
40686
40687
40688
40691
40694
40698
40699
40700
40704
40706
40711
40712
40721
40722
40728
40731
40737
40738
40742
40743
40745
40747
40751
40752
40754
40756
40761
40762
40763
40764
40765
40766
40767
40768
40770
40771
40772
40778
40780
40782
40784
40786
40789
40790
40792
40793
40807
40809
40810
40813
40814
40815
40817
40823
40829
40831
40833
40835
40838
40841
40849
40850
40851
40852
40853
40854
40856
40857
40864
40870
40872
40875
40878
40882
40886
40887
40889
40890
40895
40898
40900
40903
40905
40908
40910
40920
40921
40922
40926
40930
40931
40932
40935
40939
40940
80011
80016
80020
80175
80291
80388
80700
80737
80883
80941
80992
81024
81211
81299
81810
82020
82318
82331
82333
82388
82800
82817
82822
82823
82828
82829
82830
82832
82839
82840
82843
82846
83001
83005
83010
83012
83038
83042
83046
83053
83059
83069
83081
83088
83108
83111
83115
83118
83122
83125
83128
83129
83130
83146
83147
83151
83161
83167
83168
83188
83189
83192
83196
83199
83403
83404
83437
83455
83690
84402
84404
84405
84407
84408
84409
84410
84412
84414
84415
84418
84427
84428
84429
84430
84431
84432
84433
84434
84435
84436
84437
84438
84439
84440
84441
84442
84443
84445
84446
84447
84448
84449
84450
84451
84452
84453
84454
84455
84456
84457
84458
84459
84460
84461
84463
84464
84465
84466
84467
84468
84469
84470
84472
84473
84474
84475
84476
84477
84478
84479
84480
84481
84482
84483
84484
84485
84486
84487
84488
84489
84490
84491
84492
84493
84494
84496
84497
84499
84500
84502
84503
84504
84505
84506
84507
84508
84509
84510
84511
84512
84513
84514
84515
84516
84517
84518
84519
84520
84521
84522
84523
84524
84525
84526
84527
84528
84529
84530
84531
84532
84533
84534
84535
84536
84537
84538
84539
84540
84541
84542
84543
84544
84545
84546
84547
84548
84549
84550
84551
84552
84553
84554
84555
84556
84557
84558
84559
84560
84561
84562
84563
84564
84565
84566
84567
84568
84569
84570
84571
84572
84573
84574
84575
84576
84577
84578
84579
84580
84581
84582
84583
84584
84585
84586
84587
84588
84589
84590
84591
84592
84593
84594
84595
84596
84597
84598
84599
85000
85001
85002
85003
85004
85005
85006
85007
85008
85009
85011
85012
85013
85014
85015
85723
85904
85905
85924
85934
86002
86019
86022
86605
86611
86612
86618
86620
86621
86629
86630
86631
86634
86635
86640
86641
86644
86645
86646
86652
86658
86660
86662
86663
86664
87001
89000
89001
89002
89003
89004
89005
89006
89007
89008
89009
89010
89011
89012
89618
89888
89988